18
19
20
21
48
49
85
86
87
106
107
110
113
114
115
123
124
125
126
127
128
129
130
131
134
151
152
153
157
158
159
190
225
226
227
228
229
230
231
232
233
234
235
237
238
239
240
241
242
280
279
281
282
283
284
285
406
407
408
409
410
411
412
413
414
419
420
448
449
450
451
452
668
669
670
671
672
719
721
906
907
908
909
910
925
926
936
937
938
939
940
941
942
990
992
1001
1002
1003
1004
1005
1764
1765
1766
1767
1768
1835
1836
1837
1838
1844
1845
1846
1847
1848
1893
1896
1897
1898
3621
3622
3623
3624
3625
3626
3627
3628
3629
3630
3631
3632
3633
3634
3635
3636
3637
3638
3639